000000000000000000000000003333300000000000000000000000000000
000000000000000000000000001000100000000000000000000000000000
000000000000000000000000001000100000000000000000000000000000
000000000000000000000000001000100000000000000000000000000000
000000000000000000000000001000100000000000000000000000000000
000000000000000000000000001000100000000000000000000000000000
000000000000000000000000001000100000000000000000000000000000
000000011111111111111111111000100000000000000000000000000000
000000010000000000000000000000111111111111111111111110000000
000000010000000000000000000000000000000000000000000010000000
000000010000000000000000000000000000000000000000000010000000
000000010000000000000000000000000000000000000000000010000000
000000010000000000000000000000000000000000000000000010000000
000000010000000000000000000000000000000000000000000010000000
000000010000000000000000000000000000000111111110000010000000
000000011111111111111000000000000000000100000010000010000000
000000000000000000001000000000000000000100000010000010000000
000000000000000000001000000000000000000100000010000010000000
000000000000000000001000000000000000000100000010000010000000
000000000000000000001000000000000000000100000010000010000000
000000000000000000001000000000000000000100000010000010000000
000000000000000000001000000000000000000100000010000010000000
000000000000000000001000000000000000000100000010000010000000
000000000000000000001000000000000000000100000010000010000000
000000000000000000001000000000000000000100000010000010000000
000000000000000000001000000001111200000100000010000010000000
000000000000000000001000000001000200000100000010000010000000
000000000000000000001000000001000200000100000010000010000000
000000000000000000001000000001000200000100000010000010000000
311111111111111111111000001111000200000100000010000010000000
300000000000000000000000001000000100000100000010000010000000
300000000000000000000000001000000100000100000010000010000000
300000000000000000000000001000000100000100000010000010000000
300000000000000000000000001000000100000100000010000010000000
300000000000000000000000001000000100000100000010000010000000
300000000000000000000000001000000100000100000010000010000000
300000000000000000000022222000000100000100000010000011111110
300000000000000000000020000000000100000100000010000000000002
300000000000000000000020000000000100000100000010000000000002
300000000000000000000020000000000100000100000010000000000002
300000000111120000000022222000000222200100000010000000000002
300000000100020000000000001000000000200100000010000000000002
300000000100020000000000001000000000200100000010000000000002
300000000100020000000000001000000000200100000010000011111110
311111111100021111111000001111111222200111111110000010000000
000000000000000000001000000000000000000000000000000010000000
000000000000000000001000000000000000000000000000000010000000
000000000000000000001000000000000000000000000000000010000000
000000000000000000001000000000000000000000000000000010000000
000000000000000000001000000000000000000000000000000010000000
000000000000000000001000000000000000000000000000000010000000
000000000000000000001000000000000000000000000000000010000000
000000000000000000001000000000000000000000000000000010000000
000000000000000000001000000000000000000000000000000010000000
000000000000000000001000000000000000000000000000000010000000
000000000000000000001000000000000000000000000000000010000000
000000000000000000001000000000000000000000000000000010000000
000000000000000000001000000000000000000000000000000010000000
000000000000000000001000000000001111111111111110000010000000
000000000000000000003000000000001000000000000010000010000000
000000000000000000003000000000001000000000000010000010000000
000000000000000000003000000000001000000000000010000010000000
000000000000000000001000000002222000000000000010000010000000
000000000000000000001000000002000000000000000010000010000000
000000000000000000001000000002000000000000000010000010000000
000000000000000000001000000002000000000000000010000010000000
000000000000000000001000000002222000000000000010000010000000
000000000000000000001000000000001000000000000010000010000000
000000000000000000001000000000001000000000000010000010000000
000000000000000000001001112000001000000000000010000010000000
000000000000000000001001002000001000000000000010000010000000
000000000000000000001001002000001000000000000010000010000000
000000000000000000001111002000001000000000000011111110000000
000000000000000000000000002111111000000000000000000000000000
000000000000000000000000000000000000000000000000000000000000
000000000000000000000000000000000000000000000000000000000000
000000000000000000000000000000000000000000000000000000000000
000000000000000000000000000000000000000000000000000000000000
000000000000000000000000000000000000000000000000000000000000
000000000000000000000000000000000000000000000000000000000000
000000000000000000000000000000000000000000000000000000000000
